Best model: quadratic_with_interactions
MSE: 9755.924013229123
R2: 0.7044280616316361
